934576158305345536
3133965632
3167730160
893957155
540553113
1016110398
83694940
636744426
279810488
1957657604
548493684
788646721072922624
3308193378
1065127340118687744
429502093
16462191
465005264
1058549422936727552
872698498688352256
24344111
2436409854
3096834772
2553174240
2482646808
350740243
789403126654603264
761030363711885312
509673775
976458442616594433
803048321682145280
1039928112115408896
1254603390
2222432342
256880054
1010379414889119745
3506607436
283317023
2416398494
68785175
881676305401470977
757495370721075204
975053305649840128
485472209
44599587
868940322583261184
993475954474475520
1447401998
702318983601655809
2914226280
19723372
2561228172
971471167327412224
1020243134498975744
488056864
950931164
796527092
1000957766201106432
898438156579516417
110071965
259928443
2893616369
767269199940988928
752787894587183104
1070476015405752321
4058107271
1061944880589459456
2238303908
866012101
218967160
1874180154
1064768839727046658
3464766378
1020186758317608965
720905247275638784
101097950
3312607661
949555578753376256
1038851368520441857
931220509865410560
467021507
2191181047
50891792
704150218950881280
791440044217077760
20336643
311776519
770357359
15535649
227781829
4201117514
2304623216
333000015
261024181
1049543527116488704
1067018854566715393
2307857862
1057115341745086464
340794689
2984195181
1241708090
922217126609543173
764967162809159680
1488714427
366697190
2310765198
185586825
900028089069051905
313339571
241638625
1317858211
128641133
3459125968
52038171
1517098675
75669465
988669755346300928
373905801
2935749965
733276176374890496
877842798
814318474134691840
1039375877035851776
22668041
561246123
438580616
834652705326927873
106725931
402495326
144961838
402831407
1044064694103760896
935400786590359552
2814328225
539057208
2576261316
4283228174
714445385809399809
1013391535583440896
815084496433266688
3243550088
872453596637523968
105092655
869312408229003264
2781653509
2243678066
827017114590523392
1049210694493556736
776146715653074944
1012956876068225024
989723318197538817
209175780
969305088035471360
849203992236363776
844580197282275329
842137860488667141
399065347
356594462
1070313714102919168
540226371
845715809422884864
805590793478148097
35361160
2855691997
2163838652
767823596387307520
558996044
956401076567076865
3100861634
1602417650
1874436626
2380740581
476213099
2156920753
3746388438
2746821933
850013893804126208
957253999580893186
2867741109
851241653692239873
1028118993306087424
4926037201
846410393698238464
176545684
2325964293
791440854292443136
775629882671804416
4174646658
4910630839
923486071282896898
3096574850
2241262770
941225069149413376
50920331
3033575187
340918587
1009500239491883009
845355200638586880
2300162222
70749792
2842134195
846136031774691328
1059101582845927425
948872938232492032
4719850155
768308642655326208
1026877875301937153
1031484468987670529
30306711
203987842
25360430
139917612
2151801889
84685800
4291486765
3544372814
240461789
863925098964631553
237736992
3304610676
354503558
250173925
470669086
2177721007
187501476
877965683723833344
2418511878
2769343819
2319927296
1030719551829209088
753644784
960689992883306497
1552230350
855240967
2547474163
841851584124354560
3276645961
776898656066686976
2787828175
1955935556
836418891643404288
2330123712
1008858134
940315735
925540438454366209
567603677
1027324856482684929
1046225172338884608
410792571
2922160729
4004337203
1051273883221782529
1041536439651975169
861261886695911424
1053879416953151489
1354730617
607756790
1064270078600929280
1504444525
3178877628
3315054589
283664467
1048765780186333184
1960073672
713610294291857409
1051247444565139456
3143409710
236529593
995493870107480065
489434706
3132689515
299956700
796577056339410945
1008700580
3002581539
1019985498662670337
1022910445672263680
2941975203
775936801055703040
306506321
99807274
408559773
2983595062
1017947196254285824
18026677
50243263
27496072
4509465854
1001399875278458880
59355654
871566494076895232
3681032418
23033825
996329796505407488
280459733
144178403
789256836163768321
865800458
3290486987
803660094412038144
873713480498651136
3871272561
614875840
106641197
2661690170
508936792
715785133165584384
821963288842010624
1063301479858094080
2768837450
1009916399593156608
822527669824696321
2592457392
21532459
66486272
201187603
867606384984039424
1964872874
1038687399801483264
4755943742
4818447717
15100669
2533661582
1009557346748682240
486051486
822505709988380675
1001371729061728259
1059157440292421632
758118622619283456
781365847289978880
794763035306958848
516866015
799082674182832128
331612525
166491352
112967516
797835097135165441
106142732
336140172
1032304780016799744
855711829
1916057922
269040391
981359932904796160
4473334948
784262140962086912
707963664
43759551
547089105
1012308782121041920
2922034572
1006396576401645568
740399760100712450
939860955739148288
1084492170
2921070739
1027258383382994944
702439691237388288
2965124965
832753238541742080
1009752306001182721
35615827
1013696232303161344
1037300463538978821
3454534093
2786135982
2304745238
2604102389
1054207959117455360
994679837171372034
965026745765285888
822883971381891072
1048995451209506816
1305271094
331436036
426903756
943741470883717121
2287390068
817886654736306178
1015730719862198273
708636375713591296
4773819680
1010242938
353913707
1070891583610994689
3007815702
1067630230548795392
1048239024727412736
859251962
404739939
210699575
919251596244070403
790578828
972558229170372608
954101039359143936
926269348104364032
936085302019465216
976110056860278785
329222227
758256851230289921
995687737356414977
493431368
2507039057
818255118340673538
257245280
1069141264539443200
561819534
880120928381698048
1431742572
945756859499253760
551830988
758536619896950785
796823251
828104685093474306
4715629275
50424735
2300826822
892508186627907584
468846030
718857884432338944
561297215
1009928737708748800
836921017054478337
817912797417897984
4580280377
958005054094548992
973395250579308545
1059550838413234176
5654932
1571668520
84466808
825007919070593024
249850905
709554089466531840
3009532301
2157967688
946776000
1065599306911109120
333187483
1321458793
971391071266770945
35089909
876987749793968130
16853344
989323739891302400
95017851
523865840
1049049558859304960
83903029
494049772
1004177928719134721
2764499833
874991432708304896
1654445696
1093616960
258987312
2250817146
772563673273413632
803248784
944447233767833602
747716124071108609
1053244246830997504
940745784
917542287873150977
493928336
3118650890
1941959528
986805672024014854
1052669502540922890
954711709649899520
911685267920007168
42588982
1070812171930648576
903348146
37504112
2797363754
980876767215812609
58875257
880037914834612224
596995087
2754208827
1028906923741986816
711117632833859584
621427627
493907142
840177518313369600
1069735317853224960
1923232255
104448349
710859501939765248
2393647626
80060100
246711586
233081346
3450221602
2229757114
3692629812
3304087662
1005437124626149382
2598533395
485206190
1024735039735640065
4326222012
631624886
819698557468966913
1388256985
1040285072736378880
1007111115300589568
1046123747680407552
952701031313559553
780519143539892224
1032156873116418049
2440651280
184224451
1202222491
779149557275820032
1114380644
2819874978
1870306250
863941843309838338
980447274
3002398166
2321677604
273072889
2355748265
2171628228
788189963351367680
37548901
1123802702
1026560937032146944
831692637358940160
3308248890
3597579975
2388341916
48609897
896915042884501506
407987861
617919229
1119467994
3002850576
957018576917073928
144784400
1025554838090907648
740089702074580992
624412502
1187365764
3196416447
1084925322
1709186287
58433344
981566866714963968
25874737
473604055
1046579581585698817
1592429970
1022875562
2559202909
42845785
2911466009
2982175340
2713771265
2321353999
380611516
740194402929418240
816304789
338131615
886588798980820992
175012116
158617798
1335387416
383582470
463555327
228343584
1535595181
1001929477620948992
3179508060
211841805
2533916420
1629925146
2945050443
2268901048
274315626
1063210542825824256
2170684981
2799358560
960406693682167808
83809719
358457871
1110336212
921639589
830195980612009985
1441780598
479919168
25425606
872628853872578560
3242660174
940354549881040898
310910038
1055620701283962880
105194976
970714415518511104
2423338775
955297186249572352
62008604
917168186
1720927609
766837623318908928
763233930472411136
845568337
1016717483804327938
2324041988
118875015
2599355485
59640584
925025622086340613
463351795
3016003218
739655530596208642
1038082350775562240
2897097890
1332816408
950192795129647104
2602311594
3256333002
926276902960189440
64480346
971907264314425344
1049994946118184960
1306275450
4274643500
920594169323692032
1004344536825581569
2164794066
133889924
3039330265
34972127
59621769
2280421807
2859402587
289620438
320305430
738379542864138240
17388517
208742852
50728917
3221716034
3236541382
856173456013918209
901435259845312512
409370210
3076364626
3040016153
846006457
971950614
714482724271034368
943668251149656064
2269466304
565087912
704113418
27805882
1931084401
2220054788
933590590037430272
168170964
1576328190
894398385712635904
1069084131492016128
227188705
33512543
269591737
994881527161991168
917012470572703745
90141012
889708840106774529
948485194238935045
1067199215737069568
1070705284388052992
1913141396
545178736
472396868
2662207903
751039658792984576
819690444548435968
802719240767832064
935152825205538818
2514089970
1167968100
22840868
301230247
801957654264324097
1042654694
4350076692
995241062087065600
829178764814749696
1054570375667806208
46942275
1611741854
961837934591672320
179190320
2559636770
3440181735
12512542
1055270161744199680
786794250176311298
790672226
1679914232
1064086113252327424
954260301624455169
1909581740
524836548
2579989416
3323433771
3193847263
3835408217
793040312
749742651000389632
4831199386
3300751913
1021157181830451202
4730086461
156267662
74838026
757831213511942147
1003703354781028352
2876077081
932705338704449537
269863684
755769689926623239
21182707
2354036922
2614572432
1012422931799072769
870586670
1045549862681370624
43795090
868657180018343936
1041781868834840576
486057625
1019045892135911425
3317575150
16574068
29833815
711532645897768960
1419767492
23985509
983020430389788672
962525249911730176
2468391068
107429506
975172221537738752
2672741580
1007714477603729411
4613390295
335056005
2832472675
1592179110
2576091608
2792360893
703465870559842305
1015629050788773888
1737484208
326243679
761682997816926208
3065477309
338181082
623207253
3146442137
31579428
384354420
1064563532325376002
900320953925722112
477115836
28992857
4864939855
240782821
1070908419169755136
291989481
1023670289685770241
1368455522
992779038858002432
952840483524538369
919246938779697152
18577007
857474939107946496
172143832
818124908
911270153874178050
4756658173
716082339286237184
962005325304889344
950429522914050050
781184598
952871731810758656
563174838
15842984
2379774859
4283128573
3060744314
4262852494
889331433260683268
790205563
28847123
568437968
213530577
2498236662
15802519
739639993036091392
239510568
997439126176763904
284856224
1001509013270421504
711338816582324224
488003206
88046770
834970936705183744
1867857194
1045459925038768128
1036385052786077696
177060966
198785887
242147352
1010314046753595393
731943249544237056
457422802
2790390711
2444011933
18814834
755430062
807086677315334144
887064190988337152
816873395967164416
51977628
882732064889606146
3023431
856233161050562560
3260544938
775038759339307008
905527399714103297
2866289114
49636140
370360356
58545470
2604513600
2265311743
2159735230
1558571143
3234225343
264868050
485359055
2545114010
443430244
282625388
2895418078
1068796129758785536
1891007329
1059270923029745665
910284957481885696
2500393272
374219902
718333598353485824
2833051042
708795775
3366856150
2674424532
824814390755024896
1113494232
827058867280441344
539445855
2512246393
599934629
77415430
777948469839310858
851162663077937152
3062482470
846836569721880576
3111119063
3291102316
991656256019443713
22574081
3249637339
193814597
1337922031
787333740
1033710254775652352
70436015
2526353322
1038374316
872867308149944320
2813755406
1022920679061180416
389636513
1069206032046419968
81365927
3288606505
24800640
850608419094503424
1043851674
39804267
890340637953843200
447100989
4890948552
3361446733
880617064322392064
3242843354
544794263
1047386738400931840
1562576425
1452946176
2351079631
3343696246
1599829026
1109590742
952975999117004800
946295793958363136
1703613234
4888958758
318857604
2807240714
897098149822472194
47442324
1058529904331915264
858031216569839620
1035221377
933617286551703552
862007442032472064
3234751491
739167703328522240
757916271862132736
717113277575094273
2187501098
895193989988659200
3069716462
183729704
851704940947009537
58989681
544411371
60839861
3286779944
1000256881582108672
1041018864287408128
715796276139397120
2586688368
2219851547
1081801555
3502602740
798417982179438593
1014508007823237121
960395383699656704
1090253162
164554364
898760268288864256
975480891987382276
1049044801063194624
816883297426939904
38391847
3027689579
463291481
973214033854676994
737809146075095040
2214361159
985974313684819970
473608605
2459752208
254871895
1819263811
949458132031496192
29086130
1861885849
225142999
2434271215
2562288160
246447085
871858796179673089
443389126
906881077498847237
31298709
967619461963333632
494395576
298961549
3183451663
91248338
887449228116492290
849472978937147394
836395874
2658158547
1032273951852879873
3128791237
122570196
25030795
780402777751072768
746504923
283076401
773518318259109888
248022940
67473030
754815127472537600
290798656
4713910938
271309844
844358233489747968
314039762
